301 235 
371 235 
399 235 
371 237 
399 237 
410 237 
371 239 
399 240 
410 240 
372 241 
399 243 
372 243 
399 245 
373 246 
399 248 
411 249 
374 247 
399 250 
411 251 
375 250 
398 253 
410 254 
376 252 
399 255 
410 257 
421 259 
377 255 
398 258 
410 260 
379 257 
398 261 
380 259 
397 263 
409 265 
383 263 
396 266 
409 268 
388 269 
396 273 
409 277 
397 276 
419 282 
396 279 
417 285 
396 282 
412 287 
395 284 
406 288 
396 290 
418 299 
394 292 
416 301 
298 255 
416 305 
414 308 
415 311 
414 314 
413 318 
412 323 
411 327 
409 330 
408 333 
404 334 
294 264 
401 336 
294 265 
396 337 
393 338 
390 340 
388 342 
384 343 
380 343 
371 347 
366 347 
365 349 
363 350 
358 350 
356 352 
352 352 
350 353 
347 354 
344 355 
343 357 
339 357 
336 356 
334 358 
331 358 
328 359 
326 360 
323 360 
320 360 
318 361 
315 361 
312 361 
310 362 
308 363 
305 363 
302 363 
300 364 
298 364 
295 364 
292 364 
290 364 
288 365 
286 365 
283 365 
281 365 
278 365 
276 365 
274 364 
271 364 
257 284 
269 366 
267 365 
264 366 
262 365 
260 366 
255 329 
257 364 
252 365 
251 366 
249 365 
246 366 
244 366 
241 365 
239 366 
237 365 
234 365 
232 364 
230 365 
227 366 
225 365 
223 364 
240 281 
221 364 
239 281 
218 364 
216 364 
214 363 
211 364 
209 363 
207 362 
204 362 
202 362 
199 362 
196 362 
193 362 
191 361 
189 360 
186 360 
184 359 
182 359 
178 359 
225 276 
177 357 
174 357 
171 357 
168 356 
166 355 
164 354 
161 353 
157 354 
155 352 
152 352 
150 351 
147 349 
217 270 
143 350 
140 348 
138 348 
138 345 
133 345 
127 342 
120 341 
114 338 
111 336 
108 335 
107 332 
103 320 
102 317 
102 311 
100 308 
118 297 
101 305 
117 295 
100 302 
111 294 
100 299 
108 292 
117 286 
102 292 
98 290 
118 280 
97 288 
121 277 
98 281 
131 269 
115 273 
105 276 
96 279 
132 267 
133 264 
115 269 
105 271 
94 274 
134 262 
115 266 
93 271 
136 259 
114 264 
104 266 
93 268 
137 256 
114 261 
103 263 
92 265 
138 255 
114 259 
139 252 
114 256 
103 258 
138 251 
114 254 
103 255 
92 257 
138 248 
113 252 
103 253 
92 254 
138 246 
114 249 
93 251 
138 245 
113 247 
91 248 
138 243 
114 244 
102 245 
92 246 
138 240 
114 242 
102 242 
92 243 
139 238 
113 239 
102 240 
91 240 
138 236 
112 237 
102 237 
90 237 
138 235 
114 235 
92 235 
138 233 
114 232 
101 232 
138 231 
114 230 
137 228 
113 227 
91 226 
137 226 
113 225 
101 224 
92 223 
137 224 
113 222 
102 221 
91 221 
136 223 
114 220 
136 220 
113 217 
102 216 
92 215 
135 218 
113 215 
102 213 
94 212 
134 216 
113 212 
102 211 
133 213 
113 210 
102 208 
93 206 
133 212 
113 208 
103 206 
130 209 
115 206 
103 203 
93 201 
129 206 
116 203 
95 198 
97 196 
114 198 
103 195 
114 196 
96 190 
115 193 
98 188 
116 191 
102 186 
116 188 
107 185 
202 216 
115 182 
117 180 
100 167 
209 211 
208 209 
106 144 
109 142 
112 140 
116 139 
117 137 
120 135 
125 136 
127 134 
130 133 
132 131 
135 130 
142 128 
144 127 
145 127 
148 126 
151 125 
153 123 
156 122 
158 122 
161 121 
164 121 
166 119 
169 119 
171 118 
173 117 
177 117 
178 116 
181 115 
184 114 
186 114 
188 114 
191 113 
193 112 
195 112 
198 111 
200 110 
202 109 
204 109 
207 109 
210 109 
212 108 
214 107 
216 107 
218 107 
221 107 
223 107 
226 106 
228 107 
230 106 
232 106 
241 105 
244 106 
251 105 
253 105 
255 105 
257 105 
260 104 
262 104 
264 104 
266 105 
269 104 
271 104 
274 104 
276 104 
278 104 
281 104 
283 104 
286 104 
287 105 
290 105 
293 104 
295 105 
298 105 
300 105 
303 105 
305 106 
309 106 
311 106 
313 107 
316 108 
319 107 
321 108 
324 109 
326 110 
329 110 
332 110 
335 111 
338 111 
340 112 
344 112 
352 114 
356 114 
359 115 
362 116 
367 116 
368 117 
370 118 
374 119 
385 122 
389 122 
390 126 
395 126 
399 127 
401 129 
401 133 
405 138 
404 142 
410 153 
390 169 
412 159 
393 171 
412 162 
399 172 
391 178 
404 173 
392 180 
412 173 
392 183 
414 175 
392 186 
380 198 
394 194 
406 190 
418 187 
378 200 
394 196 
406 193 
376 203 
395 198 
375 206 
395 201 
407 198 
418 196 
374 208 
396 203 
407 201 
419 198 
372 211 
396 207 
408 204 
420 202 
372 213 
396 209 
408 207 
420 205 
372 215 
397 211 
408 210 
371 218 
397 214 
408 212 
420 211 
371 220 
397 217 
408 215 
370 222 
397 219 
370 224 
397 221 
409 220 
421 219 
370 226 
398 224 
409 223 
371 228 
398 227 
410 226 
371 230 
397 229 
409 229 
370 232 
399 232 
95 278 
96 187 
96 197 
97 186 
97 197 
98 187 
98 197 
99 172 
99 187 
99 197 
99 282 
99 291 
99 300 
100 167 
100 187 
100 196 
100 282 
100 292 
100 303 
101 187 
101 196 
101 282 
101 292 
101 310 
102 186 
102 196 
102 282 
102 292 
102 312 
103 151 
103 186 
103 283 
103 292 
103 318 
104 149 
104 185 
104 282 
104 292 
104 320 
105 145 
105 185 
105 292 
105 324 
106 144 
106 185 
106 292 
106 326 
107 185 
107 293 
107 330 
108 141 
108 185 
108 293 
108 333 
109 141 
109 184 
109 293 
109 335 
110 140 
110 184 
110 294 
110 336 
111 140 
111 183 
111 294 
111 337 
112 183 
112 294 
112 337 
113 139 
113 183 
113 294 
113 337 
114 139 
114 183 
114 295 
114 338 
115 138 
115 183 
115 202 
115 295 
115 338 
116 138 
116 203 
116 295 
116 338 
117 137 
117 184 
117 203 
117 295 
117 339 
118 136 
118 183 
118 203 
118 276 
118 295 
118 339 
119 135 
119 182 
119 203 
119 276 
119 294 
119 341 
231 104 
120 135 
120 203 
120 276 
120 295 
120 341 
232 105 
121 135 
121 203 
121 275 
121 341 
249 106 
122 134 
122 203 
122 275 
122 342 
248 107 
316 107 
123 135 
123 203 
123 274 
123 342 
217 108 
248 108 
319 108 
124 134 
124 203 
124 274 
124 341 
248 109 
125 134 
125 204 
125 273 
125 342 
199 110 
248 110 
126 133 
126 204 
126 273 
126 343 
196 111 
248 111 
340 111 
127 133 
127 205 
127 272 
191 112 
248 112 
347 112 
128 132 
128 206 
128 271 
128 343 
186 113 
248 113 
348 113 
129 133 
129 207 
129 270 
129 343 
183 114 
248 114 
353 114 
130 132 
130 207 
130 269 
130 344 
180 115 
248 115 
358 115 
131 131 
131 209 
131 268 
131 345 
175 116 
248 116 
361 116 
132 131 
132 211 
132 267 
132 346 
172 117 
248 117 
366 117 
133 130 
133 213 
133 265 
133 345 
168 118 
248 118 
369 118 
134 130 
134 215 
134 263 
134 346 
166 119 
248 119 
372 119 
135 130 
135 262 
135 345 
162 120 
248 120 
377 120 
136 130 
136 259 
136 346 
158 121 
248 121 
380 121 
137 129 
137 347 
156 122 
248 122 
382 122 
138 128 
138 347 
152 123 
248 123 
386 123 
139 128 
139 347 
149 124 
248 124 
389 124 
140 128 
140 250 
140 348 
146 125 
248 125 
393 125 
141 127 
141 348 
144 126 
248 126 
396 126 
142 127 
142 349 
142 127 
248 127 
398 127 
143 126 
143 349 
139 128 
248 128 
399 128 
144 126 
144 349 
136 129 
248 129 
400 129 
145 126 
145 349 
134 130 
248 130 
401 130 
146 126 
146 350 
131 131 
248 131 
401 131 
147 125 
147 350 
128 132 
248 132 
402 132 
148 124 
148 350 
126 133 
248 133 
403 133 
149 124 
149 350 
124 134 
248 134 
402 134 
150 124 
150 351 
121 135 
249 135 
403 135 
151 123 
151 351 
119 136 
249 136 
404 136 
152 123 
152 352 
117 137 
249 137 
404 137 
153 123 
153 352 
115 138 
249 138 
405 138 
154 123 
154 352 
112 139 
248 139 
405 139 
155 122 
155 352 
111 140 
248 140 
404 140 
156 352 
109 141 
249 141 
157 122 
157 353 
107 142 
249 142 
158 122 
158 353 
106 143 
249 143 
159 122 
159 353 
248 144 
160 121 
160 354 
249 145 
406 145 
161 121 
161 353 
104 146 
248 146 
407 146 
162 121 
162 354 
105 147 
248 147 
407 147 
163 121 
163 354 
248 148 
406 148 
164 120 
164 355 
248 149 
407 149 
165 120 
165 355 
249 150 
166 120 
166 354 
249 151 
167 119 
167 356 
248 152 
409 152 
168 119 
168 356 
248 153 
410 153 
169 118 
169 356 
249 154 
170 118 
170 356 
249 155 
171 117 
171 357 
102 156 
249 156 
172 118 
172 357 
102 157 
249 157 
411 157 
173 357 
249 158 
411 158 
174 117 
174 357 
249 159 
412 159 
175 117 
175 357 
248 160 
412 160 
176 117 
176 358 
249 161 
412 161 
177 116 
177 358 
249 162 
412 162 
178 116 
178 358 
249 163 
413 163 
179 116 
179 359 
249 164 
414 164 
180 116 
180 359 
249 165 
414 165 
181 115 
181 359 
101 166 
249 166 
182 114 
182 359 
101 167 
249 167 
183 114 
183 359 
100 168 
249 168 
414 168 
184 114 
184 359 
249 169 
392 169 
413 169 
185 114 
185 360 
100 170 
249 170 
393 170 
186 114 
186 360 
100 171 
249 171 
187 114 
187 360 
100 172 
249 172 
188 113 
188 360 
249 173 
189 113 
189 360 
99 174 
249 174 
391 174 
413 174 
190 360 
99 175 
249 175 
391 175 
413 175 
191 113 
191 361 
249 176 
392 176 
415 176 
192 112 
192 361 
98 177 
249 177 
391 177 
415 177 
193 112 
193 361 
249 178 
392 178 
415 178 
194 112 
194 362 
249 179 
391 179 
415 179 
195 112 
195 362 
97 180 
117 180 
249 180 
392 180 
416 180 
196 111 
196 362 
116 181 
249 181 
392 181 
197 111 
197 362 
116 182 
249 182 
392 182 
198 110 
198 362 
249 183 
392 183 
199 110 
199 362 
249 184 
392 184 
200 110 
200 362 
106 185 
116 185 
249 185 
392 185 
201 110 
201 362 
101 186 
116 186 
249 186 
393 186 
415 186 
202 110 
202 214 
202 362 
98 187 
117 187 
249 187 
393 187 
406 187 
417 187 
203 109 
203 215 
203 362 
98 188 
116 188 
249 188 
392 188 
406 188 
204 109 
204 213 
204 362 
97 189 
116 189 
392 189 
405 189 
417 189 
205 109 
205 213 
205 363 
96 190 
116 190 
391 190 
406 190 
206 109 
206 212 
206 362 
96 191 
116 191 
405 191 
418 191 
207 109 
207 211 
207 362 
94 192 
115 192 
235 192 
249 192 
271 192 
406 192 
208 108 
208 210 
208 363 
94 193 
115 193 
234 193 
249 193 
272 193 
407 193 
418 193 
209 109 
209 209 
209 265 
209 363 
103 194 
115 194 
231 194 
249 194 
276 194 
383 194 
418 194 
210 108 
210 207 
210 265 
210 364 
102 195 
115 195 
228 195 
249 195 
278 195 
382 195 
395 195 
418 195 
211 109 
211 206 
211 266 
211 364 
101 196 
114 196 
227 196 
249 196 
279 196 
381 196 
394 196 
418 196 
212 108 
212 205 
212 268 
212 364 
114 197 
224 197 
249 197 
280 197 
380 197 
394 197 
407 197 
418 197 
213 108 
213 205 
213 269 
213 363 
114 198 
222 198 
281 198 
379 198 
395 198 
407 198 
214 108 
214 204 
214 269 
214 364 
95 199 
115 199 
220 199 
282 199 
379 199 
395 199 
407 199 
419 199 
215 107 
215 202 
215 270 
215 364 
94 200 
116 200 
219 200 
284 200 
378 200 
395 200 
408 200 
419 200 
216 108 
216 202 
216 271 
216 364 
93 201 
103 201 
217 201 
285 201 
378 201 
395 201 
407 201 
419 201 
217 107 
217 201 
217 272 
217 364 
93 202 
216 202 
286 202 
377 202 
396 202 
408 202 
218 107 
218 201 
218 273 
218 364 
93 203 
103 203 
214 203 
287 203 
376 203 
395 203 
408 203 
420 203 
219 107 
219 200 
219 274 
219 364 
103 204 
213 204 
288 204 
376 204 
396 204 
408 204 
420 204 
220 107 
220 199 
220 274 
220 364 
93 205 
103 205 
116 205 
127 205 
212 205 
288 205 
375 205 
396 205 
408 205 
420 205 
221 107 
221 199 
221 275 
221 365 
94 206 
103 206 
114 206 
128 206 
212 206 
290 206 
375 206 
396 206 
408 206 
222 107 
222 198 
222 275 
222 364 
93 207 
103 207 
114 207 
129 207 
211 207 
290 207 
374 207 
396 207 
408 207 
223 107 
223 198 
223 276 
223 365 
102 208 
113 208 
130 208 
210 208 
291 208 
374 208 
396 208 
408 208 
224 106 
224 197 
224 277 
224 365 
103 209 
113 209 
131 209 
209 209 
292 209 
374 209 
396 209 
408 209 
225 106 
225 197 
225 277 
225 365 
93 210 
103 210 
113 210 
132 210 
208 210 
292 210 
373 210 
396 210 
408 210 
419 210 
226 107 
226 196 
226 278 
226 365 
102 211 
113 211 
132 211 
207 211 
293 211 
372 211 
397 211 
408 211 
227 107 
227 196 
227 279 
227 366 
94 212 
103 212 
113 212 
133 212 
207 212 
294 212 
372 212 
396 212 
408 212 
420 212 
228 107 
228 195 
228 279 
228 365 
93 213 
103 213 
114 213 
133 213 
206 213 
295 213 
372 213 
396 213 
229 106 
229 195 
229 279 
229 365 
93 214 
102 214 
114 214 
134 214 
205 214 
295 214 
372 214 
397 214 
408 214 
419 214 
230 106 
230 195 
230 280 
230 365 
93 215 
102 215 
113 215 
134 215 
204 215 
296 215 
372 215 
397 215 
408 215 
231 107 
231 194 
231 280 
231 364 
92 216 
102 216 
113 216 
134 216 
204 216 
296 216 
372 216 
397 216 
408 216 
232 106 
232 194 
232 281 
232 364 
92 217 
102 217 
113 217 
134 217 
297 217 
371 217 
397 217 
409 217 
233 106 
233 193 
233 281 
233 365 
92 218 
102 218 
114 218 
135 218 
297 218 
371 218 
397 218 
409 218 
421 218 
234 106 
234 193 
234 281 
234 365 
113 219 
135 219 
298 219 
371 219 
397 219 
408 219 
421 219 
235 192 
235 281 
235 365 
92 220 
102 220 
113 220 
136 220 
298 220 
371 220 
397 220 
408 220 
421 220 
236 192 
236 281 
236 365 
91 221 
102 221 
114 221 
136 221 
298 221 
371 221 
397 221 
410 221 
237 191 
237 282 
237 365 
92 222 
102 222 
113 222 
136 222 
299 222 
370 222 
397 222 
410 222 
238 191 
238 282 
238 365 
92 223 
102 223 
113 223 
136 223 
299 223 
370 223 
397 223 
409 223 
239 191 
239 282 
239 366 
92 224 
101 224 
113 224 
137 224 
299 224 
370 224 
398 224 
409 224 
240 106 
240 190 
240 282 
240 366 
91 225 
101 225 
113 225 
137 225 
300 225 
370 225 
397 225 
409 225 
241 105 
241 190 
241 283 
241 365 
92 226 
102 226 
137 226 
300 226 
370 226 
398 226 
410 226 
242 106 
242 190 
242 282 
242 365 
102 227 
137 227 
300 227 
371 227 
398 227 
410 227 
243 106 
243 190 
243 282 
243 365 
114 228 
137 228 
301 228 
371 228 
398 228 
409 228 
244 106 
244 190 
244 283 
244 366 
113 229 
138 229 
301 229 
371 229 
397 229 
409 229 
421 229 
245 106 
245 190 
245 283 
245 366 
92 230 
114 230 
138 230 
301 230 
371 230 
398 230 
410 230 
421 230 
246 190 
246 283 
246 366 
92 231 
113 231 
138 231 
301 231 
371 231 
399 231 
247 189 
247 283 
247 365 
101 232 
114 232 
138 232 
301 232 
370 232 
399 232 
248 284 
248 365 
102 233 
113 233 
138 233 
301 233 
371 233 
399 233 
249 283 
249 365 
92 234 
101 234 
114 234 
138 234 
301 234 
371 234 
398 234 
410 234 
250 189 
250 261 
250 283 
250 366 
92 235 
138 235 
301 235 
371 235 
399 235 
251 106 
251 189 
251 261 
251 366 
102 236 
138 236 
301 236 
371 236 
399 236 
410 236 
252 106 
252 190 
252 261 
252 365 
90 237 
102 237 
113 237 
138 237 
301 237 
371 237 
399 237 
410 237 
253 105 
253 189 
92 238 
102 238 
114 238 
138 238 
301 238 
371 238 
399 238 
410 238 
254 105 
254 190 
91 239 
102 239 
113 239 
139 239 
301 239 
371 239 
399 239 
410 239 
255 105 
255 190 
255 284 
91 240 
102 240 
114 240 
138 240 
301 240 
372 240 
399 240 
410 240 
256 105 
256 190 
256 284 
92 241 
102 241 
113 241 
139 241 
301 241 
372 241 
399 241 
257 105 
257 190 
257 284 
257 364 
92 242 
102 242 
114 242 
138 242 
301 242 
372 242 
398 242 
410 242 
258 104 
258 190 
258 284 
258 366 
92 243 
102 243 
114 243 
138 243 
301 243 
372 243 
399 243 
410 243 
259 105 
259 190 
259 284 
259 366 
92 244 
102 244 
114 244 
138 244 
301 244 
373 244 
398 244 
411 244 
260 105 
260 190 
260 284 
260 366 
92 245 
102 245 
113 245 
138 245 
301 245 
373 245 
399 245 
411 245 
261 104 
261 191 
261 284 
261 365 
92 246 
102 246 
113 246 
138 246 
300 246 
373 246 
398 246 
411 246 
262 104 
262 191 
262 284 
262 365 
91 247 
102 247 
114 247 
138 247 
300 247 
373 247 
399 247 
411 247 
421 247 
263 105 
263 191 
263 284 
263 366 
91 248 
114 248 
138 248 
300 248 
374 248 
399 248 
264 104 
264 191 
264 284 
264 366 
92 249 
114 249 
139 249 
300 249 
374 249 
399 249 
411 249 
265 105 
265 191 
265 283 
265 365 
92 250 
138 250 
299 250 
375 250 
399 250 
411 250 
266 104 
266 192 
266 283 
266 365 
93 251 
113 251 
138 251 
299 251 
375 251 
399 251 
411 251 
267 105 
267 192 
267 283 
267 365 
93 252 
102 252 
113 252 
138 252 
299 252 
376 252 
398 252 
411 252 
268 104 
268 192 
268 283 
268 364 
92 253 
104 253 
113 253 
138 253 
299 253 
376 253 
398 253 
410 253 
269 104 
269 192 
269 283 
269 366 
103 254 
114 254 
138 254 
299 254 
377 254 
398 254 
410 254 
270 104 
270 192 
270 283 
270 364 
93 255 
103 255 
137 255 
298 255 
377 255 
399 255 
410 255 
271 104 
271 192 
271 282 
271 365 
93 256 
103 256 
114 256 
137 256 
298 256 
378 256 
399 256 
272 105 
272 193 
272 282 
272 364 
103 257 
114 257 
137 257 
297 257 
379 257 
399 257 
410 257 
422 257 
273 105 
273 193 
273 281 
273 364 
92 258 
103 258 
114 258 
136 258 
251 258 
297 258 
379 258 
398 258 
410 258 
421 258 
274 104 
274 194 
274 281 
274 364 
92 259 
103 259 
114 259 
136 259 
252 259 
297 259 
380 259 
398 259 
410 259 
421 259 
275 105 
275 194 
275 281 
275 365 
92 260 
102 260 
114 260 
135 260 
251 260 
296 260 
381 260 
398 260 
410 260 
276 104 
276 195 
276 280 
276 364 
93 261 
103 261 
114 261 
135 261 
251 261 
295 261 
381 261 
398 261 
277 105 
277 195 
277 280 
277 364 
93 262 
103 262 
115 262 
134 262 
252 262 
295 262 
382 262 
397 262 
278 105 
278 195 
278 279 
278 364 
103 263 
115 263 
134 263 
209 263 
251 263 
295 263 
383 263 
397 263 
279 104 
279 196 
279 279 
279 365 
114 264 
134 264 
251 264 
294 264 
384 264 
398 264 
280 104 
280 197 
280 277 
280 364 
92 265 
104 265 
115 265 
133 265 
210 265 
293 265 
386 265 
409 265 
281 104 
281 197 
281 277 
281 365 
92 266 
104 266 
116 266 
132 266 
211 266 
250 266 
292 266 
409 266 
282 104 
282 198 
282 276 
282 365 
93 267 
103 267 
116 267 
132 267 
212 267 
251 267 
292 267 
283 105 
283 199 
283 276 
283 365 
94 268 
104 268 
115 268 
131 268 
213 268 
251 268 
291 268 
394 268 
284 104 
284 200 
284 275 
284 364 
93 269 
105 269 
115 269 
130 269 
214 269 
251 269 
290 269 
394 269 
409 269 
285 105 
285 201 
285 274 
285 365 
93 270 
105 270 
114 270 
129 270 
215 270 
252 270 
289 270 
286 104 
286 202 
286 273 
286 364 
93 271 
105 271 
115 271 
127 271 
216 271 
252 271 
288 271 
397 271 
287 105 
287 203 
287 272 
287 365 
94 272 
105 272 
115 272 
127 272 
217 272 
252 272 
287 272 
397 272 
288 105 
288 204 
288 271 
288 365 
94 273 
105 273 
125 273 
218 273 
252 273 
286 273 
396 273 
289 105 
289 205 
289 270 
289 364 
94 274 
106 274 
219 274 
252 274 
285 274 
397 274 
290 105 
290 207 
290 269 
290 364 
95 275 
105 275 
122 275 
222 275 
252 275 
284 275 
397 275 
291 105 
291 208 
291 268 
291 364 
106 276 
119 276 
223 276 
252 276 
283 276 
397 276 
292 105 
292 209 
292 267 
292 364 
95 277 
106 277 
118 277 
224 277 
252 277 
281 277 
396 277 
410 277 
293 105 
293 211 
293 266 
293 364 
104 278 
117 278 
227 278 
252 278 
280 278 
396 278 
408 278 
420 278 
294 104 
294 212 
294 263 
294 364 
105 279 
116 279 
228 279 
252 279 
278 279 
396 279 
420 279 
295 104 
295 214 
295 262 
295 364 
97 280 
117 280 
231 280 
252 280 
276 280 
396 280 
420 280 
296 105 
296 215 
296 261 
296 364 
117 281 
252 281 
274 281 
396 281 
419 281 
297 105 
297 218 
297 258 
297 364 
101 282 
117 282 
272 282 
397 282 
420 282 
298 105 
298 221 
298 255 
298 364 
396 283 
418 283 
299 105 
299 250 
299 364 
117 284 
395 284 
417 284 
300 106 
300 364 
117 285 
395 285 
416 285 
301 105 
301 364 
96 286 
117 286 
253 286 
395 286 
302 105 
302 364 
96 287 
117 287 
253 287 
395 287 
303 106 
303 363 
97 288 
253 288 
407 288 
304 106 
304 363 
97 289 
253 289 
305 106 
305 363 
99 290 
253 290 
418 290 
306 106 
306 363 
100 291 
253 291 
418 291 
307 106 
307 363 
103 292 
119 292 
253 292 
396 292 
418 292 
308 106 
308 362 
108 293 
253 293 
396 293 
309 106 
309 362 
253 294 
310 106 
310 362 
97 295 
117 295 
253 295 
417 295 
311 107 
311 362 
118 296 
253 296 
416 296 
312 107 
312 362 
99 297 
118 297 
253 297 
416 297 
313 107 
313 362 
99 298 
253 298 
416 298 
314 108 
314 361 
99 299 
416 299 
315 108 
315 361 
253 300 
418 300 
316 108 
316 361 
99 301 
253 301 
417 301 
317 108 
317 361 
99 302 
253 302 
416 302 
318 108 
318 361 
99 303 
253 303 
416 303 
319 108 
319 360 
101 304 
254 304 
416 304 
320 108 
320 360 
100 305 
253 305 
416 305 
321 108 
321 360 
100 306 
254 306 
415 306 
322 108 
322 360 
253 307 
416 307 
323 108 
323 360 
100 308 
253 308 
324 109 
324 360 
101 309 
253 309 
325 109 
325 359 
101 310 
253 310 
414 310 
326 109 
326 360 
101 311 
253 311 
414 311 
327 110 
327 359 
100 312 
253 312 
415 312 
328 110 
328 359 
101 313 
253 313 
414 313 
329 110 
329 358 
254 314 
414 314 
330 110 
330 358 
254 315 
414 315 
331 110 
331 358 
254 316 
332 110 
332 358 
102 317 
254 317 
414 317 
333 111 
333 358 
254 318 
414 318 
334 110 
334 358 
254 319 
413 319 
335 110 
335 358 
103 320 
254 320 
412 320 
336 110 
336 357 
103 321 
254 321 
412 321 
337 111 
337 357 
104 322 
254 322 
412 322 
338 111 
338 356 
104 323 
254 323 
412 323 
339 111 
339 356 
254 324 
412 324 
340 112 
340 356 
105 325 
253 325 
341 112 
341 356 
106 326 
254 326 
411 326 
342 112 
342 356 
106 327 
254 327 
411 327 
343 112 
343 355 
254 328 
412 328 
344 112 
344 354 
254 329 
411 329 
345 112 
345 355 
108 330 
254 330 
411 330 
346 112 
346 354 
107 331 
254 331 
411 331 
347 113 
347 353 
107 332 
254 332 
408 332 
348 113 
348 354 
109 333 
254 333 
408 333 
349 113 
349 353 
109 334 
254 334 
406 334 
350 353 
110 335 
254 335 
403 335 
351 353 
111 336 
254 336 
400 336 
352 352 
112 337 
255 337 
397 337 
353 114 
353 352 
115 338 
254 338 
395 338 
354 114 
354 352 
117 339 
254 339 
392 339 
355 114 
355 352 
120 340 
254 340 
389 340 
356 114 
356 352 
122 341 
255 341 
387 341 
357 114 
357 351 
124 342 
254 342 
384 342 
358 115 
358 351 
126 343 
255 343 
382 343 
359 116 
359 351 
131 344 
254 344 
378 344 
360 116 
360 350 
132 345 
255 345 
375 345 
361 116 
361 350 
137 346 
255 346 
371 346 
362 116 
362 350 
139 347 
255 347 
370 347 
363 116 
363 349 
142 348 
255 348 
366 348 
364 116 
364 349 
144 349 
255 349 
364 349 
365 117 
365 349 
149 350 
255 350 
361 350 
366 118 
366 348 
151 351 
255 351 
358 351 
367 118 
367 348 
154 352 
255 352 
353 352 
368 118 
368 348 
158 353 
255 353 
350 353 
369 118 
369 347 
162 354 
255 354 
347 354 
370 118 
370 347 
166 355 
255 355 
344 355 
371 118 
371 347 
169 356 
255 356 
339 356 
372 119 
372 213 
372 346 
174 357 
255 357 
334 357 
373 119 
373 212 
373 246 
373 346 
178 358 
255 358 
333 358 
374 119 
374 207 
374 249 
374 346 
182 359 
255 359 
328 359 
375 120 
375 205 
375 252 
375 345 
189 360 
255 360 
323 360 
376 120 
376 203 
376 253 
376 344 
194 361 
255 361 
318 361 
377 120 
377 202 
377 255 
377 345 
203 362 
255 362 
378 120 
378 199 
378 257 
378 344 
255 363 
379 120 
379 198 
379 258 
379 343 
255 364 
380 121 
380 197 
380 259 
380 344 
381 121 
381 196 
381 260 
381 343 
382 121 
382 195 
382 261 
382 342 
383 122 
383 194 
383 264 
383 343 
384 122 
384 193 
384 265 
384 342 
385 122 
385 192 
385 265 
385 342 
386 122 
386 192 
386 265 
386 342 
387 124 
387 192 
387 266 
387 341 
388 124 
388 192 
388 267 
388 340 
389 125 
389 171 
389 191 
389 267 
389 339 
390 171 
390 191 
390 268 
390 340 
391 124 
391 191 
391 267 
391 339 
392 124 
392 267 
392 339 
393 170 
393 267 
393 339 
394 126 
394 170 
394 267 
394 289 
394 338 
395 126 
395 170 
395 267 
395 338 
396 126 
396 170 
396 338 
397 126 
397 171 
397 290 
397 337 
398 127 
398 171 
398 290 
398 336 
399 128 
399 171 
399 290 
399 336 
400 129 
400 171 
400 290 
400 336 
401 132 
401 172 
401 289 
401 335 
402 134 
402 172 
402 289 
402 334 
403 135 
403 171 
403 289 
403 334 
404 139 
404 171 
404 184 
404 289 
404 335 
405 141 
405 171 
405 186 
405 289 
405 335 
406 172 
406 277 
406 288 
406 334 
407 147 
407 172 
407 276 
407 288 
407 334 
408 149 
408 173 
408 184 
408 288 
408 333 
409 153 
409 174 
409 183 
409 287 
409 331 
410 184 
410 276 
410 287 
410 330 
411 161 
411 184 
411 275 
411 287 
411 326 
412 185 
412 276 
412 286 
412 323 
413 185 
413 275 
413 286 
413 318 
414 275 
414 286 
414 311 
415 286 
415 308 
416 185 
416 286 
416 303 
417 274 
202 218 
202 218 
202 220 
201 224 
201 224 
201 220 
201 223 
201 225 
201 227 
201 229 
202 232 
202 232 
202 230 
201 233 
201 232 
201 235 
201 237 
201 239 
202 241 
202 241 
202 244 
202 243 
202 246 
202 248 
204 251 
204 251 
201 248 
202 249 
204 253 
204 253 
205 255 
205 255 
205 256 
206 257 
209 262 
205 258 
206 261 
206 260 
208 263 
206 258 
249 190 
237 107 
238 106 
103 152 
103 154 
102 158 
102 160 
102 162 
102 164 
101 166 
98 183 
98 180 
98 179 
98 185 
95 194 
94 196 
96 186 
104 199 
105 197 
105 195 
101 230 
102 228 
102 250 
102 248 
106 280 
104 281 
96 282 
96 284 
96 280 
92 263 
92 230 
91 225 
92 227 
91 227 
91 230 
92 229 
92 208 
92 208 
98 292 
98 293 
103 314 
102 315 
106 328 
255 363 
255 363 
255 365 
404 141 
405 143 
408 151 
411 154 
414 171 
417 184 
417 182 
412 173 
394 188 
394 190 
395 192 
398 267 
397 269 
411 261 
410 265 
410 263 
408 274 
408 271 
407 194 
410 232 
405 184 
421 208 
421 207 
420 213 
420 215 
421 217 
421 225 
421 223 
421 228 
421 228 
421 237 
421 235 
421 235 
421 232 
421 246 
421 247 
421 247 
421 244 
421 244 
421 241 
421 241 
421 240 
421 239 
421 239 
421 239 
421 255 
421 255 
421 253 
421 251 
421 251 
422 249 
422 249 
421 278 
421 278 
420 278 
420 275 
420 272 
420 272 
420 270 
420 270 
420 267 
420 267 
420 267 
420 265 
421 262 
421 262 
421 262 
421 263 
421 267 
421 267 
420 270 
420 268 
420 271 
418 271 
418 272 
418 274 
417 275 
416 276 
418 292 
418 292 
418 289 
418 285 
418 285 
418 289 
418 285 
418 289 
418 289 
419 288 
419 288 
419 285 
419 285 
416 295 
416 294 
417 294 
418 292 
418 283 
118 289 
118 291 
117 276 
115 272 
117 274 
117 275 
251 254 
251 254 
252 252 
252 248 
252 248 
252 246 
252 246 
252 242 
252 242 
252 241 
252 238 
252 238 
252 236 
252 235 
252 235 
252 234 
252 232 
252 232 
252 231 
252 231 
252 230 
252 230 
252 227 
252 227 
250 224 
250 223 
250 222 
250 220 
250 215 
250 215 
250 212 
250 212 
250 211 
250 205 
250 205 
250 205 
250 204 
250 203 
250 203 
250 203 
250 203 
250 203 
250 203 
250 203 
250 202 
250 200 
250 197 
249 198 
250 211 
250 211 
250 208 
250 208 
250 208 
250 205 
249 216 
251 220 
251 217 
250 216 
251 221 
251 220 
251 220 
251 219 
251 219 
250 224 
252 229 
252 225 
252 259 
252 257 
251 254 
251 254 
251 252 
251 251 
251 251 
251 250 
251 250 
251 248 
251 246 
252 244 
252 244 
252 244 
252 267 
252 265 
250 256 
250 256 
251 281 
254 284 
252 284 
246 107 
391 173 
