381 146 
283 114 
389 157 
265 112 
392 166 
248 110 
394 175 
235 109 
245 114 
395 184 
223 109 
244 119 
396 193 
214 109 
245 124 
375 190 
398 202 
206 109 
244 129 
374 198 
386 205 
197 109 
244 135 
374 207 
385 213 
397 220 
191 110 
244 140 
367 211 
374 215 
385 221 
397 228 
185 111 
244 147 
360 216 
374 225 
385 231 
396 238 
178 111 
243 151 
356 222 
374 233 
385 240 
396 247 
173 112 
244 158 
353 229 
374 243 
385 250 
396 257 
168 113 
243 164 
351 237 
373 251 
384 259 
394 266 
163 114 
243 170 
350 245 
373 261 
384 269 
158 115 
243 176 
350 254 
372 270 
382 277 
391 284 
153 115 
243 183 
270 203 
352 265 
369 277 
389 292 
149 116 
243 189 
256 199 
277 216 
369 288 
379 295 
144 117 
242 196 
284 230 
368 298 
140 117 
234 196 
242 203 
286 240 
136 118 
227 197 
285 248 
133 120 
222 200 
283 255 
130 121 
217 202 
280 261 
126 122 
212 205 
276 267 
123 123 
208 208 
272 272 
120 124 
205 212 
267 276 
116 125 
202 217 
261 280 
331 355 
113 126 
200 222 
254 282 
321 357 
110 127 
197 227 
247 284 
312 359 
107 128 
196 234 
239 285 
303 361 
104 129 
195 241 
229 283 
239 295 
295 364 
101 130 
215 276 
238 306 
284 365 
98 131 
238 317 
276 367 
96 132 
238 328 
266 367 
95 136 
238 340 
257 368 
93 138 
237 352 
248 368 
90 139 
238 366 
88 141 
229 368 
86 143 
105 175 
221 368 
85 147 
102 177 
212 367 
84 152 
98 177 
102 184 
112 203 
123 222 
203 366 
83 156 
94 178 
101 190 
105 198 
124 234 
194 365 
82 161 
90 178 
100 197 
124 244 
185 364 
81 166 
87 179 
100 204 
123 252 
177 363 
80 171 
84 180 
88 190 
98 211 
120 258 
169 362 
80 180 
85 190 
88 197 
97 219 
118 264 
160 360 
78 183 
81 190 
86 204 
98 230 
114 268 
152 359 
77 190 
86 212 
97 241 
109 271 
144 357 
74 192 
85 222 
98 254 
105 272 
136 354 
74 205 
85 235 
99 273 
127 351 
73 214 
86 249 
101 293 
120 349 
72 223 
86 264 
95 293 
112 345 
72 236 
85 280 
89 291 
104 343 
72 253 
79 278 
82 289 
97 340 
74 276 
77 287 
88 328 
90 337 
71 277 
72 191 
72 277 
73 191 
73 276 
74 192 
74 277 
75 192 
75 278 
76 191 
76 278 
76 287 
77 191 
77 278 
77 287 
78 181 
78 191 
78 278 
78 288 
79 180 
79 191 
79 278 
79 288 
79 308 
80 170 
80 180 
80 191 
80 278 
80 288 
80 309 
81 164 
81 181 
81 191 
81 279 
81 289 
81 316 
82 161 
82 180 
82 190 
82 278 
82 289 
82 319 
83 156 
83 180 
83 190 
83 279 
83 289 
83 325 
84 153 
84 180 
84 190 
84 279 
84 290 
84 326 
85 148 
85 179 
85 190 
85 279 
85 290 
85 326 
85 334 
86 145 
86 179 
86 190 
86 290 
86 326 
86 334 
87 141 
87 179 
87 206 
87 278 
87 291 
87 327 
87 335 
88 141 
88 179 
88 278 
88 291 
88 328 
88 336 
89 141 
89 179 
89 190 
89 291 
89 330 
90 141 
90 178 
90 190 
90 292 
91 140 
91 178 
91 292 
91 336 
92 140 
92 178 
92 292 
92 336 
93 139 
93 178 
93 293 
93 337 
94 138 
94 178 
94 293 
94 338 
95 137 
95 177 
95 293 
95 339 
96 135 
96 177 
96 229 
96 294 
96 339 
97 132 
97 177 
97 294 
97 339 
98 131 
98 176 
98 294 
98 340 
99 131 
99 176 
99 294 
99 341 
100 130 
100 176 
100 197 
100 341 
101 130 
101 273 
101 293 
101 341 
102 129 
102 198 
102 273 
102 293 
102 342 
103 129 
103 178 
103 197 
103 273 
103 293 
103 342 
104 128 
104 177 
104 198 
104 273 
104 342 
105 128 
105 176 
105 198 
105 273 
105 343 
106 128 
106 198 
106 272 
106 343 
107 127 
107 199 
107 272 
107 344 
108 127 
108 199 
108 272 
108 344 
109 127 
109 200 
109 271 
109 344 
110 126 
110 200 
110 270 
110 345 
111 126 
111 201 
111 270 
111 345 
112 126 
112 202 
112 269 
112 345 
245 113 
113 126 
113 203 
113 268 
113 346 
245 114 
281 114 
114 125 
114 204 
114 267 
114 346 
158 115 
245 115 
115 125 
115 205 
115 266 
115 347 
244 116 
116 124 
116 206 
116 265 
116 347 
146 117 
245 117 
298 117 
117 124 
117 208 
117 264 
117 347 
140 118 
244 118 
304 118 
118 124 
118 209 
118 263 
118 348 
136 119 
245 119 
307 119 
119 123 
119 212 
119 260 
119 348 
130 120 
244 120 
311 120 
120 123 
120 213 
120 259 
120 348 
128 121 
245 121 
316 121 
121 123 
121 216 
121 256 
121 349 
123 122 
244 122 
319 122 
122 122 
122 219 
122 253 
122 349 
120 123 
245 123 
322 123 
123 122 
123 349 
117 124 
244 124 
327 124 
124 122 
124 350 
114 125 
245 125 
330 125 
125 122 
125 351 
111 126 
244 126 
333 126 
126 122 
126 239 
126 351 
108 127 
245 127 
336 127 
127 121 
127 239 
127 351 
105 128 
244 128 
339 128 
128 120 
128 352 
100 129 
245 129 
342 129 
129 121 
129 352 
97 130 
244 130 
345 130 
130 120 
130 352 
97 131 
244 131 
348 131 
131 120 
131 353 
244 132 
351 132 
132 120 
132 353 
97 133 
244 133 
354 133 
133 119 
133 353 
97 134 
244 134 
356 134 
134 119 
134 354 
96 135 
244 135 
358 135 
135 119 
135 354 
95 136 
244 136 
361 136 
136 119 
136 354 
94 137 
244 137 
364 137 
137 119 
137 355 
244 138 
365 138 
138 118 
138 355 
92 139 
244 139 
368 139 
139 118 
139 355 
90 140 
244 140 
371 140 
140 118 
140 356 
89 141 
244 141 
372 141 
141 118 
141 356 
89 142 
244 142 
375 142 
142 118 
142 356 
88 143 
244 143 
378 143 
143 117 
143 356 
87 144 
244 144 
380 144 
144 117 
144 356 
87 145 
244 145 
382 145 
145 117 
145 357 
86 146 
244 146 
383 146 
146 117 
146 357 
86 147 
244 147 
147 117 
147 357 
86 148 
244 148 
381 148 
148 116 
148 358 
86 149 
243 149 
149 116 
149 358 
85 150 
244 150 
382 150 
150 116 
150 358 
85 151 
243 151 
383 151 
151 116 
151 358 
85 152 
244 152 
384 152 
152 116 
152 358 
84 153 
243 153 
386 153 
153 115 
153 359 
84 154 
244 154 
387 154 
154 115 
154 359 
84 155 
243 155 
388 155 
155 115 
155 359 
84 156 
244 156 
389 156 
156 114 
156 359 
84 157 
243 157 
389 157 
157 115 
157 359 
84 158 
244 158 
390 158 
158 114 
158 360 
83 159 
243 159 
391 159 
159 115 
159 360 
83 160 
243 160 
391 160 
160 114 
160 360 
83 161 
243 161 
391 161 
161 114 
161 360 
82 162 
243 162 
391 162 
162 114 
162 360 
82 163 
243 163 
392 163 
163 114 
163 361 
82 164 
243 164 
392 164 
164 114 
164 360 
82 165 
243 165 
392 165 
165 114 
165 361 
82 166 
243 166 
392 166 
166 114 
166 361 
81 167 
243 167 
392 167 
167 113 
167 361 
81 168 
243 168 
392 168 
168 113 
168 362 
81 169 
243 169 
393 169 
169 113 
169 362 
81 170 
243 170 
393 170 
170 113 
170 362 
80 171 
243 171 
393 171 
171 113 
171 362 
80 172 
243 172 
393 172 
172 112 
172 362 
80 173 
243 173 
393 173 
173 112 
173 363 
80 174 
103 174 
243 174 
394 174 
174 112 
174 362 
80 175 
102 175 
243 175 
394 175 
175 112 
175 363 
101 176 
243 176 
394 176 
176 112 
176 363 
243 177 
394 177 
177 112 
177 363 
92 178 
243 178 
394 178 
178 112 
178 363 
88 179 
103 179 
243 179 
394 179 
179 112 
179 363 
83 180 
103 180 
243 180 
395 180 
180 112 
180 364 
80 181 
103 181 
243 181 
395 181 
181 111 
181 364 
79 182 
102 182 
243 182 
395 182 
182 111 
182 364 
79 183 
102 183 
243 183 
395 183 
183 111 
183 364 
78 184 
102 184 
243 184 
396 184 
184 111 
184 364 
78 185 
102 185 
243 185 
395 185 
185 111 
185 364 
78 186 
102 186 
243 186 
395 186 
186 111 
186 364 
78 187 
101 187 
243 187 
373 187 
395 187 
187 111 
187 364 
88 188 
101 188 
242 188 
374 188 
396 188 
188 110 
188 364 
87 189 
101 189 
243 189 
375 189 
396 189 
189 111 
189 364 
101 190 
242 190 
375 190 
396 190 
190 110 
190 365 
101 191 
243 191 
380 191 
396 191 
191 110 
191 365 
77 192 
100 192 
242 192 
383 192 
396 192 
192 110 
192 365 
76 193 
88 193 
101 193 
242 193 
373 193 
384 193 
396 193 
193 110 
193 365 
76 194 
88 194 
100 194 
241 194 
373 194 
194 110 
194 238 
194 257 
194 365 
76 195 
88 195 
100 195 
244 195 
373 195 
394 195 
195 110 
195 238 
195 257 
195 365 
76 196 
88 196 
101 196 
247 196 
374 196 
395 196 
196 110 
196 239 
196 257 
196 366 
76 197 
88 197 
102 197 
373 197 
395 197 
197 110 
197 259 
197 366 
88 198 
105 198 
227 198 
253 198 
374 198 
396 198 
198 110 
198 227 
198 259 
198 366 
75 199 
88 199 
224 199 
243 199 
256 199 
373 199 
396 199 
199 109 
199 224 
199 260 
199 366 
75 200 
88 200 
100 200 
109 200 
221 200 
243 200 
259 200 
374 200 
396 200 
200 110 
200 221 
200 260 
200 366 
75 201 
87 201 
99 201 
111 201 
220 201 
243 201 
261 201 
374 201 
397 201 
201 109 
201 220 
201 366 
75 202 
88 202 
99 202 
113 202 
217 202 
243 202 
263 202 
374 202 
386 202 
202 109 
202 218 
202 366 
75 203 
87 203 
99 203 
113 203 
216 203 
243 203 
266 203 
374 203 
387 203 
400 203 
203 109 
203 216 
203 366 
75 204 
87 204 
99 204 
114 204 
214 204 
242 204 
267 204 
374 204 
204 109 
204 215 
204 366 
87 205 
99 205 
115 205 
212 205 
242 205 
268 205 
374 205 
394 205 
205 109 
205 213 
205 367 
74 206 
87 206 
99 206 
116 206 
211 206 
269 206 
374 206 
386 206 
395 206 
206 109 
206 211 
206 366 
74 207 
87 207 
99 207 
117 207 
210 207 
244 207 
271 207 
373 207 
385 207 
396 207 
207 109 
207 210 
207 367 
74 208 
87 208 
99 208 
117 208 
209 208 
243 208 
272 208 
373 208 
385 208 
396 208 
208 109 
208 209 
208 367 
74 209 
87 209 
99 209 
118 209 
208 209 
273 209 
372 209 
385 209 
396 209 
209 109 
209 208 
209 367 
74 210 
86 210 
98 210 
118 210 
207 210 
273 210 
371 210 
385 210 
396 210 
210 109 
210 207 
210 367 
74 211 
87 211 
98 211 
119 211 
206 211 
274 211 
385 211 
396 211 
211 109 
211 206 
211 275 
211 367 
74 212 
86 212 
98 212 
120 212 
206 212 
275 212 
365 212 
374 212 
385 212 
396 212 
212 109 
212 205 
212 274 
212 367 
73 213 
86 213 
98 213 
120 213 
205 213 
276 213 
363 213 
374 213 
386 213 
396 213 
213 109 
213 205 
213 367 
74 214 
86 214 
98 214 
120 214 
204 214 
276 214 
362 214 
374 214 
386 214 
396 214 
214 108 
214 204 
214 276 
214 367 
73 215 
86 215 
98 215 
121 215 
204 215 
277 215 
361 215 
375 215 
385 215 
396 215 
215 109 
215 203 
215 276 
215 367 
86 216 
98 216 
121 216 
203 216 
277 216 
360 216 
374 216 
386 216 
396 216 
216 109 
216 203 
216 276 
216 367 
73 217 
86 217 
98 217 
122 217 
203 217 
278 217 
359 217 
374 217 
386 217 
397 217 
217 109 
217 202 
217 367 
73 218 
86 218 
98 218 
122 218 
202 218 
278 218 
358 218 
374 218 
386 218 
397 218 
218 108 
218 202 
218 368 
73 219 
86 219 
98 219 
122 219 
201 219 
279 219 
358 219 
374 219 
385 219 
397 219 
219 109 
219 201 
219 278 
219 368 
73 220 
86 220 
98 220 
122 220 
201 220 
280 220 
357 220 
374 220 
385 220 
397 220 
220 109 
220 200 
220 279 
220 368 
73 221 
86 221 
97 221 
123 221 
200 221 
280 221 
357 221 
375 221 
386 221 
397 221 
221 109 
221 200 
221 279 
221 368 
73 222 
86 222 
98 222 
123 222 
200 222 
280 222 
356 222 
374 222 
386 222 
397 222 
222 109 
222 200 
222 280 
222 368 
73 223 
85 223 
98 223 
123 223 
199 223 
281 223 
355 223 
375 223 
385 223 
397 223 
223 109 
223 199 
223 280 
223 368 
72 224 
86 224 
98 224 
123 224 
199 224 
281 224 
355 224 
374 224 
385 224 
397 224 
224 109 
224 199 
224 281 
224 368 
72 225 
86 225 
97 225 
123 225 
199 225 
282 225 
355 225 
374 225 
385 225 
397 225 
225 109 
225 198 
225 281 
225 368 
72 226 
86 226 
98 226 
124 226 
198 226 
282 226 
354 226 
374 226 
385 226 
397 226 
226 109 
226 198 
226 282 
226 368 
72 227 
86 227 
97 227 
124 227 
198 227 
283 227 
354 227 
374 227 
385 227 
397 227 
227 109 
227 198 
227 282 
227 368 
72 228 
86 228 
98 228 
124 228 
198 228 
283 228 
354 228 
374 228 
385 228 
397 228 
228 109 
228 198 
228 282 
228 368 
72 229 
86 229 
97 229 
124 229 
197 229 
283 229 
353 229 
374 229 
385 229 
397 229 
229 109 
229 197 
229 368 
72 230 
86 230 
97 230 
124 230 
197 230 
284 230 
353 230 
374 230 
385 230 
397 230 
230 109 
230 197 
230 368 
72 231 
85 231 
97 231 
124 231 
197 231 
284 231 
352 231 
375 231 
385 231 
397 231 
231 109 
231 197 
231 283 
231 368 
72 232 
86 232 
97 232 
124 232 
197 232 
284 232 
352 232 
374 232 
385 232 
397 232 
232 110 
232 196 
232 284 
232 368 
72 233 
86 233 
97 233 
124 233 
197 233 
285 233 
352 233 
374 233 
385 233 
397 233 
233 109 
233 196 
233 284 
233 368 
72 234 
86 234 
97 234 
124 234 
196 234 
285 234 
352 234 
374 234 
385 234 
396 234 
234 110 
234 196 
234 284 
234 368 
72 235 
85 235 
97 235 
124 235 
197 235 
285 235 
352 235 
374 235 
385 235 
397 235 
235 109 
235 195 
235 285 
235 367 
72 236 
86 236 
98 236 
124 236 
196 236 
286 236 
352 236 
374 236 
385 236 
397 236 
236 110 
236 196 
236 284 
72 237 
86 237 
97 237 
124 237 
196 237 
286 237 
351 237 
374 237 
385 237 
397 237 
237 110 
237 195 
72 238 
86 238 
98 238 
124 238 
286 238 
350 238 
374 238 
385 238 
396 238 
238 110 
238 195 
72 239 
86 239 
98 239 
124 239 
196 239 
286 239 
350 239 
374 239 
385 239 
396 239 
239 110 
239 195 
239 367 
72 240 
86 240 
98 240 
124 240 
196 240 
286 240 
350 240 
374 240 
386 240 
396 240 
240 110 
240 195 
240 285 
240 368 
73 241 
85 241 
98 241 
124 241 
286 241 
350 241 
374 241 
385 241 
396 241 
241 110 
241 285 
241 368 
72 242 
86 242 
98 242 
124 242 
286 242 
350 242 
374 242 
385 242 
396 242 
242 110 
242 285 
242 368 
72 243 
86 243 
98 243 
124 243 
286 243 
350 243 
373 243 
385 243 
396 243 
243 285 
243 368 
72 244 
86 244 
98 244 
124 244 
286 244 
350 244 
373 244 
385 244 
396 244 
244 284 
244 368 
73 245 
86 245 
98 245 
124 245 
285 245 
350 245 
373 245 
385 245 
396 245 
245 196 
245 284 
245 368 
73 246 
85 246 
98 246 
124 246 
285 246 
350 246 
373 246 
385 246 
396 246 
246 196 
246 284 
246 368 
73 247 
85 247 
98 247 
123 247 
285 247 
349 247 
373 247 
385 247 
396 247 
247 111 
247 196 
247 284 
247 368 
73 248 
86 248 
98 248 
124 248 
285 248 
350 248 
374 248 
385 248 
396 248 
248 110 
248 196 
248 284 
248 368 
73 249 
85 249 
97 249 
123 249 
285 249 
350 249 
373 249 
385 249 
396 249 
249 111 
249 197 
249 283 
249 368 
73 250 
86 250 
98 250 
122 250 
284 250 
350 250 
373 250 
385 250 
396 250 
250 110 
250 197 
250 283 
73 251 
86 251 
97 251 
123 251 
284 251 
350 251 
373 251 
385 251 
396 251 
251 111 
251 197 
251 283 
251 368 
73 252 
86 252 
98 252 
122 252 
284 252 
350 252 
374 252 
384 252 
396 252 
252 110 
252 198 
252 283 
252 368 
73 253 
86 253 
98 253 
122 253 
283 253 
350 253 
373 253 
385 253 
395 253 
253 111 
253 198 
253 282 
253 368 
73 254 
86 254 
98 254 
122 254 
283 254 
350 254 
373 254 
384 254 
395 254 
254 111 
254 198 
254 282 
254 368 
73 255 
86 255 
98 255 
121 255 
282 255 
350 255 
373 255 
385 255 
395 255 
255 111 
255 199 
255 282 
255 368 
73 256 
86 256 
98 256 
121 256 
282 256 
350 256 
373 256 
384 256 
396 256 
256 111 
256 199 
256 282 
256 368 
73 257 
86 257 
98 257 
121 257 
282 257 
350 257 
373 257 
384 257 
395 257 
257 111 
257 199 
257 281 
257 368 
73 258 
86 258 
98 258 
120 258 
281 258 
350 258 
373 258 
384 258 
396 258 
258 112 
258 200 
258 281 
258 368 
73 259 
86 259 
98 259 
120 259 
281 259 
351 259 
373 259 
384 259 
395 259 
259 111 
259 200 
259 281 
259 368 
73 260 
86 260 
98 260 
119 260 
280 260 
351 260 
372 260 
384 260 
396 260 
260 112 
260 200 
260 280 
260 368 
73 261 
86 261 
98 261 
119 261 
198 261 
280 261 
351 261 
372 261 
384 261 
395 261 
261 112 
261 201 
261 280 
261 367 
73 262 
86 262 
98 262 
118 262 
279 262 
352 262 
372 262 
384 262 
394 262 
262 112 
262 201 
262 279 
262 368 
73 263 
86 263 
98 263 
118 263 
279 263 
352 263 
373 263 
383 263 
395 263 
263 112 
263 202 
263 279 
263 367 
73 264 
86 264 
98 264 
117 264 
278 264 
352 264 
372 264 
384 264 
394 264 
264 112 
264 202 
264 278 
264 368 
73 265 
86 265 
99 265 
116 265 
278 265 
352 265 
372 265 
384 265 
394 265 
265 112 
265 203 
265 278 
265 367 
86 266 
98 266 
115 266 
277 266 
353 266 
372 266 
384 266 
394 266 
266 112 
266 204 
266 277 
266 368 
73 267 
86 267 
99 267 
114 267 
276 267 
353 267 
372 267 
384 267 
394 267 
267 113 
267 204 
267 277 
267 367 
73 268 
86 268 
99 268 
113 268 
276 268 
354 268 
372 268 
384 268 
394 268 
268 112 
268 205 
268 276 
268 367 
73 269 
87 269 
99 269 
112 269 
275 269 
355 269 
372 269 
383 269 
394 269 
269 113 
269 206 
269 275 
269 367 
74 270 
86 270 
99 270 
111 270 
274 270 
355 270 
372 270 
383 270 
394 270 
270 113 
270 207 
270 274 
270 367 
73 271 
86 271 
99 271 
109 271 
273 271 
356 271 
372 271 
383 271 
271 113 
271 208 
271 273 
271 367 
74 272 
86 272 
211 272 
272 272 
357 272 
372 272 
383 272 
394 272 
272 113 
272 209 
272 272 
272 367 
73 273 
87 273 
104 273 
213 273 
271 273 
358 273 
371 273 
383 273 
394 273 
273 113 
273 210 
273 271 
273 366 
72 274 
86 274 
101 274 
214 274 
270 274 
359 274 
371 274 
382 274 
394 274 
274 113 
274 211 
274 269 
274 366 
72 275 
87 275 
100 275 
214 275 
240 275 
269 275 
360 275 
371 275 
383 275 
393 275 
275 113 
275 212 
275 268 
275 367 
72 276 
87 276 
100 276 
215 276 
239 276 
268 276 
363 276 
382 276 
394 276 
276 114 
276 213 
276 267 
276 366 
74 277 
99 277 
217 277 
239 277 
266 277 
382 277 
393 277 
277 114 
277 216 
277 266 
277 367 
100 278 
219 278 
238 278 
265 278 
369 278 
382 278 
393 278 
278 114 
278 217 
278 265 
278 366 
84 279 
99 279 
220 279 
239 279 
262 279 
368 279 
382 279 
393 279 
279 114 
279 220 
279 262 
279 366 
85 280 
100 280 
223 280 
238 280 
261 280 
370 280 
382 280 
280 114 
280 221 
280 261 
280 366 
75 281 
86 281 
100 281 
224 281 
239 281 
258 281 
370 281 
382 281 
392 281 
281 114 
281 224 
281 258 
281 366 
75 282 
86 282 
100 282 
227 282 
238 282 
255 282 
370 282 
282 114 
282 225 
282 256 
282 366 
75 283 
100 283 
251 283 
370 283 
283 115 
283 228 
283 254 
283 366 
75 284 
100 284 
370 284 
383 284 
284 115 
284 231 
284 251 
284 366 
76 285 
100 285 
244 285 
369 285 
382 285 
285 115 
285 365 
77 286 
100 286 
239 286 
370 286 
286 115 
286 245 
286 365 
78 287 
100 287 
239 287 
369 287 
392 287 
287 115 
287 242 
287 365 
79 288 
100 288 
238 288 
369 288 
392 288 
288 116 
288 242 
288 364 
83 289 
101 289 
239 289 
369 289 
392 289 
289 115 
289 364 
85 290 
101 290 
238 290 
368 290 
391 290 
290 116 
290 364 
88 291 
101 291 
239 291 
369 291 
390 291 
291 115 
291 364 
91 292 
238 292 
368 292 
292 116 
292 364 
239 293 
368 293 
386 293 
293 116 
293 363 
78 294 
99 294 
238 294 
368 294 
381 294 
294 116 
294 363 
78 295 
100 295 
239 295 
368 295 
380 295 
295 117 
295 363 
78 296 
100 296 
238 296 
377 296 
391 296 
296 117 
296 363 
79 297 
100 297 
239 297 
372 297 
391 297 
297 117 
297 363 
79 298 
238 298 
370 298 
390 298 
298 118 
298 363 
79 299 
239 299 
369 299 
390 299 
299 118 
299 362 
79 300 
238 300 
368 300 
390 300 
300 118 
300 362 
79 301 
238 301 
390 301 
301 119 
301 362 
79 302 
238 302 
390 302 
302 118 
302 362 
79 303 
239 303 
389 303 
303 119 
303 361 
80 304 
238 304 
388 304 
304 119 
304 361 
80 305 
238 305 
388 305 
305 119 
305 361 
80 306 
238 306 
388 306 
306 119 
306 361 
80 307 
238 307 
307 119 
307 361 
80 308 
238 308 
308 120 
308 360 
80 309 
238 309 
309 120 
309 361 
80 310 
238 310 
387 310 
310 120 
310 360 
81 311 
238 311 
311 120 
311 360 
81 312 
238 312 
312 120 
312 360 
81 313 
238 313 
313 121 
313 359 
82 314 
238 314 
314 121 
314 359 
81 315 
238 315 
315 121 
315 359 
82 316 
238 316 
316 122 
316 358 
82 317 
238 317 
317 122 
317 358 
82 318 
238 318 
318 122 
318 358 
82 319 
238 319 
319 122 
319 358 
82 320 
238 320 
320 122 
320 357 
83 321 
238 321 
321 123 
321 357 
83 322 
238 322 
322 122 
322 357 
83 323 
238 323 
323 123 
323 356 
84 324 
238 324 
324 124 
324 356 
84 325 
238 325 
325 123 
325 356 
85 326 
238 326 
326 124 
326 356 
86 327 
238 327 
327 125 
327 356 
88 328 
238 328 
328 124 
328 356 
89 329 
238 329 
329 125 
329 355 
90 330 
238 330 
330 125 
330 355 
90 331 
238 331 
331 125 
331 355 
91 332 
238 332 
332 126 
332 354 
91 333 
238 333 
333 126 
333 354 
238 334 
334 126 
334 354 
87 335 
238 335 
335 126 
335 354 
91 336 
238 336 
336 126 
336 354 
91 337 
238 337 
337 127 
337 353 
93 338 
238 338 
338 128 
338 354 
96 339 
238 339 
339 128 
339 353 
98 340 
238 340 
340 128 
340 352 
100 341 
237 341 
341 129 
341 351 
103 342 
238 342 
342 129 
342 352 
106 343 
237 343 
343 129 
343 351 
108 344 
238 344 
344 130 
344 351 
110 345 
237 345 
345 130 
114 346 
238 346 
346 130 
346 350 
116 347 
237 347 
347 131 
347 350 
119 348 
238 348 
348 131 
348 249 
348 349 
121 349 
237 349 
349 131 
349 250 
124 350 
238 350 
350 132 
126 351 
237 351 
351 132 
129 352 
237 352 
352 132 
352 233 
352 263 
132 353 
237 353 
353 133 
353 230 
353 266 
136 354 
237 354 
333 354 
354 133 
354 227 
354 269 
138 355 
237 355 
330 355 
355 134 
355 224 
355 270 
143 356 
237 356 
327 356 
356 134 
356 221 
356 271 
146 357 
237 357 
322 357 
357 135 
357 220 
357 272 
149 358 
237 358 
319 358 
358 135 
358 219 
358 273 
154 359 
237 359 
314 359 
359 135 
359 217 
359 274 
159 360 
237 360 
309 360 
360 136 
360 215 
360 275 
164 361 
237 361 
304 361 
361 136 
361 215 
361 275 
237 362 
301 362 
362 136 
362 214 
362 276 
178 363 
237 363 
294 363 
363 137 
363 213 
363 277 
185 364 
237 364 
291 364 
364 138 
364 213 
364 277 
194 365 
237 365 
286 365 
365 138 
365 212 
365 277 
236 366 
281 366 
366 138 
366 211 
366 278 
366 298 
367 139 
367 211 
367 278 
367 297 
368 139 
368 210 
368 278 
369 139 
369 210 
370 140 
370 210 
370 279 
370 298 
371 140 
371 209 
371 298 
372 141 
372 191 
372 210 
372 298 
373 141 
373 297 
374 142 
374 296 
375 142 
375 190 
375 296 
376 143 
376 190 
376 296 
377 143 
377 190 
377 296 
378 144 
378 190 
378 296 
379 145 
379 191 
379 295 
380 145 
380 191 
380 283 
380 295 
381 146 
381 191 
381 282 
381 294 
382 146 
382 192 
382 294 
383 192 
383 294 
384 153 
384 192 
384 205 
384 283 
384 294 
385 153 
385 193 
385 283 
385 293 
386 154 
386 193 
386 284 
386 293 
387 155 
387 193 
387 203 
387 283 
387 293 
388 155 
388 194 
388 204 
388 283 
388 292 
388 305 
389 194 
389 204 
389 283 
389 302 
390 194 
390 204 
390 282 
390 293 
391 160 
391 195 
391 204 
391 283 
391 292 
392 195 
392 204 
392 282 
393 172 
393 195 
393 205 
393 282 
394 195 
394 205 
394 282 
395 205 
395 266 
398 205 
399 204 
84 331 
83 328 
84 333 
87 132 
87 135 
87 135 
87 138 
92 130 
94 130 
95 130 
88 131 
90 130 
389 149 
387 147 
385 146 
388 147 
391 151 
391 153 
391 157 
391 155 
391 155 
388 309 
385 312 
387 316 
387 315 
387 312 
385 319 
385 322 
384 329 
384 328 
384 328 
384 328 
384 327 
384 327 
384 325 
384 323 
384 323 
385 317 
384 330 
383 330 
383 334 
383 332 
382 335 
381 338 
381 338 
381 338 
379 341 
379 340 
381 337 
374 341 
377 340 
351 349 
353 348 
356 348 
357 348 
358 348 
360 347 
363 346 
363 347 
364 345 
365 345 
366 345 
367 344 
369 344 
370 344 
371 344 
372 342 
372 342 
373 338 
373 336 
374 334 
375 333 
377 330 
378 330 
380 330 
381 329 
375 332 
202 262 
204 265 
205 267 
208 269 
208 269 
211 272 
207 270 
210 270 
210 270 
207 268 
199 260 
196 255 
195 254 
195 251 
195 251 
194 249 
194 245 
194 245 
194 242 
196 247 
195 244 
195 247 
195 250 
203 262 
242 207 
242 211 
242 210 
242 217 
242 214 
242 214 
242 220 
242 220 
242 217 
242 222 
242 222 
242 227 
242 227 
242 224 
242 226 
242 231 
242 231 
242 226 
242 220 
241 228 
241 231 
241 232 
242 234 
242 234 
242 237 
242 237 
242 239 
242 239 
242 239 
242 240 
242 240 
242 242 
242 243 
242 244 
242 247 
242 248 
242 248 
242 248 
242 249 
242 250 
242 251 
242 252 
242 254 
242 254 
242 257 
242 258 
242 261 
241 264 
240 267 
240 268 
240 269 
240 270 
240 271 
240 272 
240 272 
242 254 
239 284 
244 111 
79 177 
79 179 
