346 6 
287 10 
332 17 
259 18 
288 20 
340 23 
247 21 
347 30 
285 30 
298 31 
315 33 
337 35 
238 29 
290 35 
312 38 
328 40 
231 32 
320 45 
461 64 
488 68 
247 39 
457 72 
460 80 
465 90 
471 99 
473 109 
469 116 
284 378 
271 374 
281 387 
264 377 
258 383 
241 372 
265 408 
236 379 
256 411 
232 386 
227 393 
222 401 
212 417 
206 422 
168 360 
178 383 
197 424 
105 235 
162 364 
174 390 
183 410 
190 426 
195 438 
153 361 
164 388 
168 397 
179 423 
147 365 
152 376 
158 390 
162 402 
166 411 
168 417 
141 367 
155 403 
92 253 
137 375 
95 276 
99 306 
149 459 
106 425 
92 437 
51 323 
57 468 
15 461 
16 469 
0 445 
329 7 
287 8 
286 9 
287 10 
287 11 
11 459 
11 469 
286 12 
12 469 
294 13 
13 469 
293 14 
14 470 
330 15 
15 461 
15 470 
331 16 
16 469 
259 17 
290 17 
332 17 
258 18 
333 18 
253 19 
334 19 
19 476 
288 20 
336 20 
20 476 
248 21 
317 21 
338 21 
21 467 
246 22 
338 22 
22 473 
23 473 
241 24 
292 24 
342 24 
240 25 
326 25 
343 25 
25 475 
240 26 
326 26 
344 26 
239 27 
345 27 
238 28 
329 28 
28 453 
238 29 
297 29 
309 29 
236 30 
285 30 
298 30 
310 30 
347 30 
234 31 
286 31 
298 31 
311 31 
332 31 
348 31 
232 32 
287 32 
298 32 
313 32 
335 32 
349 32 
230 33 
287 33 
315 33 
335 33 
229 34 
289 34 
303 34 
316 34 
228 35 
290 35 
319 35 
337 35 
320 36 
338 36 
323 37 
341 37 
247 38 
324 38 
344 38 
247 39 
327 39 
247 40 
296 40 
329 40 
40 325 
247 41 
316 41 
331 41 
41 325 
249 42 
42 325 
42 476 
318 43 
453 43 
320 44 
47 323 
48 323 
49 323 
50 323 
51 323 
56 468 
57 468 
465 60 
464 61 
464 62 
457 63 
460 64 
64 466 
461 65 
65 468 
458 68 
457 69 
457 70 
457 71 
457 72 
457 73 
457 74 
74 415 
458 75 
468 75 
458 76 
469 76 
76 424 
263 77 
459 77 
469 77 
459 78 
460 79 
460 80 
461 81 
81 454 
461 82 
82 435 
83 453 
84 469 
463 85 
463 86 
86 434 
463 87 
87 435 
464 88 
464 89 
89 438 
464 90 
90 437 
465 91 
91 426 
91 437 
92 253 
92 425 
92 437 
92 456 
466 93 
93 223 
93 253 
93 425 
93 437 
94 220 
94 253 
94 276 
94 424 
467 95 
95 217 
95 252 
95 277 
468 96 
96 283 
469 97 
97 285 
98 207 
98 292 
99 191 
99 297 
100 189 
100 302 
101 183 
101 279 
101 305 
102 180 
102 307 
103 177 
103 280 
103 309 
104 172 
104 310 
473 105 
105 172 
105 315 
106 316 
107 317 
108 318 
146 384 
147 385 
148 386 
149 388 
150 391 
151 392 
152 395 
155 374 
162 410 
163 402 
163 410 
164 401 
164 410 
165 400 
165 411 
167 387 
168 387 
169 386 
170 385 
171 385 
172 393 
174 390 
180 425 
181 426 
182 410 
183 427 
185 428 
189 434 
190 426 
190 435 
191 426 
192 426 
192 436 
193 425 
193 437 
194 425 
194 437 
195 425 
195 437 
196 424 
196 438 
197 425 
197 438 
198 424 
199 424 
200 424 
201 423 
201 443 
202 422 
202 444 
203 422 
203 444 
206 446 
207 422 
207 446 
210 444 
211 419 
96 220 
227 34 
227 396 
228 33 
228 384 
228 394 
229 32 
229 393 
230 32 
231 32 
232 31 
233 31 
234 30 
235 30 
236 29 
240 28 
241 27 
267 374 
268 374 
268 402 
269 373 
269 402 
270 16 
270 373 
270 405 
271 373 
271 404 
272 373 
273 374 
274 374 
275 15 
275 374 
276 374 
277 374 
277 404 
278 373 
278 402 
279 384 
280 384 
281 382 
282 34 
282 379 
283 379 
284 44 
284 380 
285 379 
286 379 
297 370 
298 30 
299 371 
300 14 
300 31 
101 302 
302 14 
102 305 
308 38 
309 38 
310 38 
311 39 
312 11 
313 11 
313 39 
314 11 
315 11 
315 21 
316 11 
316 21 
317 11 
317 21 
318 11 
318 22 
319 11 
319 22 
320 10 
320 22 
321 10 
322 10 
322 38 
322 372 
323 10 
323 38 
324 10 
324 22 
324 39 
325 39 
326 40 
328 29 
329 30 
330 30 
331 30 
332 10 
332 31 
333 10 
334 10 
335 10 
336 10 
337 11 
338 11 
339 11 
340 24 
341 25 
342 26 
343 15 
343 26 
344 27 
345 27 
346 16 
346 28 
356 21 
159 357 
172 357 
357 21 
157 358 
171 358 
358 21 
156 359 
170 359 
359 21 
154 360 
169 360 
360 21 
152 361 
167 361 
127 362 
151 362 
166 362 
362 22 
127 363 
149 363 
164 363 
147 364 
163 364 
146 365 
162 365 
161 366 
141 367 
160 367 
141 368 
159 368 
158 369 
157 370 
244 370 
269 370 
324 370 
133 371 
155 371 
240 371 
323 371 
134 372 
155 372 
240 372 
274 372 
285 372 
323 372 
372 23 
135 373 
155 373 
239 373 
275 373 
286 373 
137 374 
147 374 
155 374 
239 374 
274 374 
286 374 
374 25 
137 375 
146 375 
154 375 
238 375 
275 375 
375 25 
147 376 
218 376 
237 376 
266 376 
275 376 
284 376 
376 25 
146 377 
235 377 
264 377 
284 377 
377 25 
147 378 
235 378 
263 378 
284 378 
146 379 
235 379 
263 379 
284 379 
309 379 
319 379 
146 380 
235 380 
262 380 
284 380 
308 380 
145 381 
235 381 
261 381 
283 381 
235 382 
260 382 
283 382 
146 383 
234 383 
259 383 
282 383 
146 384 
179 384 
234 384 
259 384 
281 384 
147 385 
171 385 
178 385 
233 385 
258 385 
281 385 
147 386 
169 386 
177 386 
233 386 
257 386 
281 386 
147 387 
166 387 
177 387 
198 387 
232 387 
256 387 
281 387 
148 388 
164 388 
176 388 
197 388 
224 388 
232 388 
255 388 
281 388 
148 389 
161 389 
175 389 
231 389 
255 389 
282 389 
150 390 
158 390 
175 390 
254 390 
281 390 
174 391 
254 391 
282 391 
151 392 
173 392 
268 392 
282 392 
150 393 
172 393 
267 393 
282 393 
151 394 
171 394 
223 394 
252 394 
267 394 
282 394 
170 395 
266 395 
299 395 
169 396 
225 396 
266 396 
281 396 
168 397 
265 397 
281 397 
151 398 
167 398 
264 398 
280 398 
151 399 
166 399 
280 399 
153 400 
165 400 
223 400 
267 400 
279 400 
154 401 
163 401 
220 401 
267 401 
279 401 
162 402 
222 402 
267 402 
278 402 
161 403 
221 403 
267 403 
278 403 
160 404 
267 404 
277 404 
158 405 
220 405 
258 405 
267 405 
277 405 
159 406 
219 406 
258 406 
277 406 
160 407 
218 407 
277 407 
162 408 
181 408 
216 408 
277 408 
163 409 
181 409 
215 409 
260 409 
277 409 
164 410 
181 410 
215 410 
260 410 
276 410 
164 411 
215 411 
260 411 
215 412 
240 412 
259 412 
168 413 
215 413 
239 413 
257 413 
169 414 
214 414 
238 414 
74 415 
169 415 
214 415 
168 416 
213 416 
213 417 
212 418 
171 419 
211 419 
263 419 
173 420 
211 420 
174 421 
210 421 
175 422 
210 422 
176 423 
198 423 
209 423 
176 424 
209 424 
177 425 
237 425 
78 426 
237 426 
184 427 
184 428 
221 428 
184 429 
185 430 
249 430 
185 431 
187 432 
205 432 
121 433 
188 433 
207 433 
84 434 
189 434 
207 434 
88 435 
207 435 
91 436 
125 436 
195 436 
203 436 
126 437 
195 437 
126 438 
196 438 
126 439 
196 439 
207 439 
126 440 
207 440 
440 61 
126 441 
207 441 
441 61 
209 442 
442 61 
211 443 
443 61 
210 444 
444 61 
445 42 
445 61 
208 446 
218 446 
446 61 
207 447 
447 61 
208 448 
448 61 
449 62 
8 450 
195 450 
450 62 
8 451 
140 451 
451 63 
140 452 
452 63 
82 453 
140 453 
453 43 
453 63 
7 454 
454 63 
454 72 
455 63 
455 72 
4 456 
456 45 
456 73 
147 457 
457 46 
457 74 
457 95 
11 458 
147 458 
458 46 
458 76 
458 94 
147 459 
459 78 
459 94 
147 460 
460 80 
461 82 
462 49 
462 86 
154 463 
463 50 
463 87 
463 122 
154 464 
464 51 
464 89 
464 121 
19 465 
152 465 
465 91 
465 120 
19 466 
466 93 
466 119 
57 467 
467 94 
467 118 
468 53 
468 77 
468 98 
468 117 
2 469 
23 469 
158 469 
469 54 
469 76 
469 98 
469 116 
2 470 
24 470 
470 77 
470 102 
470 115 
2 471 
24 471 
158 471 
471 55 
471 103 
2 472 
24 472 
472 71 
472 104 
24 473 
473 57 
4 474 
25 474 
25 475 
475 107 
26 476 
476 58 
476 106 
26 477 
477 59 
26 478 
478 60 
478 74 
